25 33 52.563776 12 5 8 9 11 12 17 18 19 20 21 22 24 
25 33 53.528055 12 5 8 9 11 12 17 18 19 20 21 22 24 
25 33 53.304015 12 5 8 9 11 12 17 18 19 20 21 22 24 
25 33 52.550464 12 5 8 9 11 12 17 18 19 20 21 22 24 
25 33 52.512797 12 5 8 9 11 12 17 18 19 20 21 22 24 
25 33 52.493529 12 5 8 9 11 12 17 18 19 20 21 22 24 
25 33 52.454007 12 5 8 9 11 12 17 18 19 20 21 22 24 
25 33 53.785297 12 5 8 9 11 12 17 18 19 20 21 22 24 
25 33 52.773515 12 5 8 9 11 12 17 18 19 20 21 22 24 
25 33 52.409537 12 5 8 9 11 12 17 18 19 20 21 22 24 
Job ID           : 40956674
Cluster          : spartan
User/Project     : lingxiao1/punim0520
Nodes            : 1
Wall-clock time  : 00:08:50 / 03:00:00

Displaying overall resources usage from 2022-10-20 18:24:48 to 2022-10-20 18:33:38:

NODE            CPU#        TOT%   ( USR   / SYS   / WIO   / IDLE  ) 

spartan-bm002 : 
                CPU# 1    : 98.8   (  98.7 /   0.1 /   0.0 /   1.2 ) 


Allocated CPUs            : 1    
  CPUs with usage <25%    : 0    
  CPUs with usage <50%    : 0    
  CPUs with usage >50%    : 1    

Memory used (RAM)         : 0.1%  [2MB of 4000MB]

--------------------------------------------

